# Mean price house square meter (euros) first quarter 1987 to first quarter 2006 
price_m2
266.43
286.14
296.87
312.23
339.25
361.25
369.39
382.32
419.63
445.19
459.19
466.64
505.85
518.92
521.39
524.57
563.78
591.40
596.30
615.55
597.85
589.35
578.94
569.92
574.67
588.41
584.39
578.86
583.28
590.35
588.54
580.58
600.14
613.23
608.26
603.44
616.20
625.94
616.75
611.22
622.88
633.25
627.21
625.05
638.13
657.92
661.29
667.37
694.08
723.36
734.32
749.86
787.87
826.74
846.19
861.49
914.01
961.46
975.52
989.36
1058.59
1103.17
1149.72
1168.75
1242.50
1309.76
1338.86
1374.86
1456.20
1538.80
1570.80
1616.00
1685.40
1752.80
1781.50
1824.30
1887.60